%YAML:1.0
---
Camera Count : 11
Point Count : 519
Rotations :
   - !!opencv-matrix
      rows: 3
      cols: 3
      dt: d
      data: [ 1., 0., 0., 0., 1., 0., 0., 0., 1. ]
   - !!opencv-matrix
      rows: 3
      cols: 3
      dt: d
      data: [ 9.8807563483828753e-01, -2.4548990283319746e-02,
          -1.5199962800936304e-01, 2.7856252822472678e-02,
          9.9941845079943337e-01, 1.9666961645133887e-02,
          1.5142842869687889e-01, -2.3666585679606493e-02,
          9.8818486312261633e-01 ]
   - !!opencv-matrix
      rows: 3
      cols: 3
      dt: d
      data: [ 4.5492412619296202e-01, 2.1185083748527100e-01,
          -8.6496431259581974e-01, 3.1884399307134137e-01,
          8.6815336640340157e-01, 3.8032649195758572e-01,
          8.3149416563791489e-01, -4.4880837231409842e-01,
          3.2739654465323426e-01 ]
   - !!opencv-matrix
      rows: 3
      cols: 3
      dt: d
      data: [ 1., 0., 0., 0., 1., 0., 0., 0., 1. ]
   - !!opencv-matrix
      rows: 3
      cols: 3
      dt: d
      data: [ 1., 0., 0., 0., 1., 0., 0., 0., 1. ]
   - !!opencv-matrix
      rows: 3
      cols: 3
      dt: d
      data: [ 1., 0., 0., 0., 1., 0., 0., 0., 1. ]
   - !!opencv-matrix
      rows: 3
      cols: 3
      dt: d
      data: [ 1., 0., 0., 0., 1., 0., 0., 0., 1. ]
   - !!opencv-matrix
      rows: 3
      cols: 3
      dt: d
      data: [ 1., 0., 0., 0., 1., 0., 0., 0., 1. ]
   - !!opencv-matrix
      rows: 3
      cols: 3
      dt: d
      data: [ 1., 0., 0., 0., 1., 0., 0., 0., 1. ]
   - !!opencv-matrix
      rows: 3
      cols: 3
      dt: d
      data: [ 1., 0., 0., 0., 1., 0., 0., 0., 1. ]
   - !!opencv-matrix
      rows: 3
      cols: 3
      dt: d
      data: [ 1., 0., 0., 0., 1., 0., 0., 0., 1. ]
Motions :
   - !!opencv-matrix
      rows: 3
      cols: 1
      dt: d
      data: [ 0., 0., 0. ]
   - !!opencv-matrix
      rows: 3
      cols: 1
      dt: d
      data: [ 9.9715539941232612e-01, 5.5594284072217962e-03,
          -7.5167826752072356e-02 ]
   - !!opencv-matrix
      rows: 3
      cols: 1
      dt: d
      data: [ 5.7986546698610697e+00, -2.3070952864127499e+00,
          3.8898218862538241e+00 ]
   - !!opencv-matrix
      rows: 3
      cols: 1
      dt: d
      data: [ .Nan, .Nan, .Nan ]
   - !!opencv-matrix
      rows: 3
      cols: 1
      dt: d
      data: [ .Nan, .Nan, .Nan ]
   - !!opencv-matrix
      rows: 3
      cols: 1
      dt: d
      data: [ .Nan, .Nan, .Nan ]
   - !!opencv-matrix
      rows: 3
      cols: 1
      dt: d
      data: [ .Nan, .Nan, .Nan ]
   - !!opencv-matrix
      rows: 3
      cols: 1
      dt: d
      data: [ .Nan, .Nan, .Nan ]
   - !!opencv-matrix
      rows: 3
      cols: 1
      dt: d
      data: [ .Nan, .Nan, .Nan ]
   - !!opencv-matrix
      rows: 3
      cols: 1
      dt: d
      data: [ .Nan, .Nan, .Nan ]
   - !!opencv-matrix
      rows: 3
      cols: 1
      dt: d
      data: [ .Nan, .Nan, .Nan ]
Points :
   - [ -2.7813520431518555e+00, 1.5127885341644287e+00,
       5.9442162513732910e+00 ]
   - [ -4.0032620429992676e+00, -2.1233389377593994e+00,
       8.8919363021850586e+00 ]
   - [ -3.9744021892547607e+00, -2.0754871368408203e+00,
       8.8878078460693359e+00 ]
   - [ -3.9744021892547607e+00, -2.0754871368408203e+00,
       8.8878078460693359e+00 ]
   - [ -3.9536011219024658e+00, -2.0916540622711182e+00,
       8.9071569442749023e+00 ]
   - [ -3.8411631584167480e+00, -1.9792393445968628e+00,
       8.7896881103515625e+00 ]
   - [ -3.7896623611450195e+00, -2.0952496528625488e+00,
       9.0169906616210938e+00 ]
   - [ -3.6208913326263428e+00, -2.0537199974060059e+00,
       9.1146373748779297e+00 ]
   - [ -3.4389955997467041e+00, -1.9773473739624023e+00,
       9.0812387466430664e+00 ]
   - [ -3.4268896579742432e+00, -1.9254688024520874e+00,
       9.0651845932006836e+00 ]
   - [ -3.4135987758636475e+00, -1.8747415542602539e+00,
       9.0821790695190430e+00 ]
   - [ -3.4135987758636475e+00, -1.8747415542602539e+00,
       9.0821790695190430e+00 ]
   - [ -3.4252743721008301e+00, -2.2260758876800537e+00,
       9.1354465484619141e+00 ]
   - [ -3.3941984176635742e+00, -1.9035422801971436e+00,
       9.1092643737792969e+00 ]
   - [ -1.9978820085525513e+00, 9.5409917831420898e-01,
       5.4840974807739258e+00 ]
   - [ -1.7614935636520386e+00, 1.3172197341918945e+00,
       5.1400432586669922e+00 ]
   - [ -2.8076267242431641e+00, 6.0775542259216309e-01,
       8.4189157485961914e+00 ]
   - [ -2.7372598648071289e+00, 8.1336587667465210e-01,
       8.3891067504882813e+00 ]
   - [ -2.7181560993194580e+00, 1.0178480148315430e+00,
       8.3450193405151367e+00 ]
   - [ -2.7229809761047363e+00, 7.9253715276718140e-01,
       8.3820161819458008e+00 ]
   - [ -2.7438635826110840e+00, -3.2000246644020081e-01,
       8.5261850357055664e+00 ]
   - [ -2.7263081073760986e+00, -3.0517423152923584e-01,
       8.5241384506225586e+00 ]
   - [ -2.8420643806457520e+00, -3.0563168525695801e+00,
       8.8880977630615234e+00 ]
   - [ -2.7554435729980469e+00, -1.1863024234771729e+00,
       8.6515274047851563e+00 ]
   - [ -2.7378871440887451e+00, -1.0209401845932007e+00,
       8.6129608154296875e+00 ]
   - [ -2.7551965713500977e+00, -2.4073534011840820e+00,
       8.7916154861450195e+00 ]
   - [ -2.7540435791015625e+00, -3.0487139225006104e+00,
       8.8786296844482422e+00 ]
   - [ -2.4213323593139648e+00, 1.0154001712799072e+00,
       8.1040029525756836e+00 ]
   - [ -2.4180741310119629e+00, 1.0611830949783325e+00,
       8.0931253433227539e+00 ]
   - [ -2.4321932792663574e+00, 5.7953900098800659e-01,
       8.1654472351074219e+00 ]
   - [ -2.4229760169982910e+00, 6.6228574514389038e-01,
       8.1613378524780273e+00 ]
   - [ -2.4215977191925049e+00, 4.9209344387054443e-01,
       8.1597738265991211e+00 ]
   - [ -2.4339048862457275e+00, 1.1955274641513824e-01,
       8.2284326553344727e+00 ]
   - [ -2.4210228919982910e+00, 3.0945232510566711e-01,
       8.1880407333374023e+00 ]
   - [ -2.4212496280670166e+00, -3.8526657223701477e-01,
       8.2707099914550781e+00 ]
   - [ -2.4203028678894043e+00, -4.4473481178283691e-01,
       8.2785167694091797e+00 ]
   - [ -2.4457364082336426e+00, -1.2315454483032227e+00,
       8.3997573852539063e+00 ]
   - [ -2.4200017452239990e+00, -7.4887198209762573e-01,
       8.3137874603271484e+00 ]
   - [ -2.4373641014099121e+00, -1.4055846929550171e+00,
       8.4251365661621094e+00 ]
   - [ -2.4322466850280762e+00, -1.5487253665924072e+00,
       8.4222583770751953e+00 ]
   - [ -2.3738143444061279e+00, -4.3939927220344543e-01,
       8.2253952026367188e+00 ]
   - [ -2.4184327125549316e+00, -1.2743085622787476e+00,
       8.3806133270263672e+00 ]
   - [ -2.4425129890441895e+00, -1.9422893524169922e+00,
       8.4863147735595703e+00 ]
   - [ -2.3843595981597900e+00, -4.4451937079429626e-01,
       8.2853803634643555e+00 ]
   - [ -2.3931434154510498e+00, -9.5191794633865356e-01,
       8.3240327835083008e+00 ]
   - [ -2.4288043975830078e+00, -1.6611775159835815e+00,
       8.4511795043945313e+00 ]
   - [ -2.3356192111968994e+00, -4.1533079743385315e-01,
       8.1825637817382813e+00 ]
   - [ -2.4289953708648682e+00, -2.0837659835815430e+00,
       8.5188550949096680e+00 ]
   - [ -2.3922724723815918e+00, -1.9862816333770752e+00,
       8.4252595901489258e+00 ]
   - [ -2.3880360126495361e+00, -1.4359399080276489e+00,
       8.4180593490600586e+00 ]
   - [ -2.4247813224792480e+00, -2.6653628349304199e+00,
       8.5573225021362305e+00 ]
   - [ -2.4201738834381104e+00, -2.5228600502014160e+00,
       8.5622339248657227e+00 ]
   - [ -2.4123251438140869e+00, -2.7703845500946045e+00,
       8.5637941360473633e+00 ]
   - [ -2.2152867317199707e+00, 9.8594307899475098e-01,
       7.8955097198486328e+00 ]
   - [ -1.3001427650451660e+00, 1.2672026157379150e+00,
       4.6607947349548340e+00 ]
   - [ -2.2139408588409424e+00, -6.2293190509080887e-02,
       8.0202579498291016e+00 ]
   - [ -2.2402856349945068e+00, -9.7944480180740356e-01,
       8.1709995269775391e+00 ]
